 5
 1 1.0000000000000000
 .0 .0 .0
 .0 .0 .0
 2 0.0009543000000000 0.068263
 0.000467
 3.4319123586019074 3.9066580965618392 0.0002818569148923
 -0.3296154155568785 0.2895598192589732 0.0000208911134058
 3 0.0002857000000000 0.045666
 0.000389
 9.5000000000000000 0.0000000000000000 0.0000000000000000
 0.0000000000000000 0.3244883563713654 -0.0007335927733869
 4 0.0000436500000000 0.024413
 0.000170
 19.1999999999999993 0.0000000000000000 0.0000000000000000
 0.0000000000000000 0.2282221011344976 -0.0005285116729979
 5 0.0005000000000000 0.055032
 0.000160
 30.1000000000000014 0.0000000000000000 0.0000000000000000
 0.0000000000000000 0.1823161068732716 -0.0001995805128498
