   0.000000000000000E+00   2   3.409530427945000E+00   3.635870038323000E+00   3.424028779974999E-02  -5.604670182013000E-03   5.524493219597000E-03  -2.663981907246999E-06
   0.365250000000000E+07   2   3.500811449396129E+00   3.421126656576463E+00   8.343760825314107E-03  -5.570099332615651E-03   5.750154740435577E-03  -4.475841297725968E-05
   0.730500000000000E+07   2   3.753660759379680E+00   3.205239838548641E+00  -2.348430768259539E-02  -5.305042871520740E-03   5.911196658272399E-03  -1.718150489773302E-05
   0.109575000000000E+08   2   3.866324922877953E+00   3.254632810452061E+00  -1.947700900604995E-02  -5.181185860596568E-03   5.782265559784011E-03   4.139536422231686E-05
   0.146100000000000E+08   2   3.700856686943867E+00   3.486135290825779E+00   1.970763001023932E-02  -5.387453025762235E-03   5.528850206530907E-03   4.992476733888273E-05
   0.182625000000000E+08   2   3.546171638448570E+00   3.530986091992225E+00   3.590766814727726E-02  -5.624269775020464E-03   5.459466336948391E-03  -3.716763657994773E-06
   0.219150000000000E+08   2   3.682981765753167E+00   3.379365174963795E+00   8.836862760419506E-03  -5.539896158993713E-03   5.558335217285442E-03  -4.042008082328587E-05
   0.255675000000000E+08   2   3.912829221033662E+00   3.306245090802246E+00  -2.333421073151280E-02  -5.276003277682625E-03   5.556327153973604E-03  -7.593734817022320E-06
   0.292200000000000E+08   2   3.953205346083213E+00   3.451469430204309E+00  -1.416186674319813E-02  -5.190632913285061E-03   5.385671986067548E-03   4.685123338776790E-05
   0.328725000000000E+08   2   3.738379366391765E+00   3.679580875269121E+00   2.794998277948423E-02  -5.416448901209169E-03   5.163777198280657E-03   4.650562149332129E-05
   0.365250000000000E+08   2   3.556452250900036E+00   3.767657132206202E+00   3.972003217011072E-02  -5.688367034570685E-03   5.005214888831197E-03  -9.688878643866335E-06
   0.401775000000000E+08   2   3.659976301619973E+00   3.734826861800584E+00   8.668775016208902E-03  -5.627865461287342E-03   4.967726373163497E-03  -3.795918265168144E-05
   0.438300000000000E+08   2   3.783625551102076E+00   3.812467123868062E+00  -2.156126377559752E-02  -5.442761203886170E-03   4.871047972922076E-03  -8.173222808457804E-07
   0.474825000000000E+08   2   3.712674763934970E+00   3.992265564866042E+00  -3.541800566482424E-03  -5.407906302675416E-03   4.740992806217729E-03   4.815681214542419E-05
   0.511350000000000E+08   2   3.502739488814948E+00   4.117931230054080E+00   3.852609054761985E-02  -5.571158171874982E-03   4.647739885922979E-03   3.701420394430910E-05
   0.547875000000000E+08   2   3.365763485584495E+00   4.140679676715864E+00   4.280124708824402E-02  -5.772628973260360E-03   4.555806628542522E-03  -1.914545531366835E-05
   0.584400000000000E+08   2   3.343396618061413E+00   4.237127453359555E+00   6.398190834634589E-03  -5.817048611783311E-03   4.357021278822998E-03  -4.002862322199382E-05
   0.620925000000000E+08   2   3.270049793204901E+00   4.422329391497539E+00  -1.823541691330285E-02  -5.781200713336427E-03   4.165786199991936E-03   2.716891988322778E-06
   0.657450000000000E+08   2   3.066538048914640E+00   4.568208076734706E+00   8.160439388693137E-03  -5.855473683855400E-03   4.055129250543359E-03   4.421118900550930E-05
   0.693975000000000E+08   2   2.880089735879442E+00   4.563630490816841E+00   4.627964611218118E-02  -6.035850055379832E-03   4.050623040176052E-03   2.237224065191675E-05
   0.730500000000000E+08   2   2.803708489475505E+00   4.530811056443411E+00   4.038975707490366E-02  -6.190649421050082E-03   3.989763032627033E-03  -3.468942106508884E-05
   0.767025000000000E+08   2   2.741766112196452E+00   4.635600359371205E+00   4.137994047781936E-04  -6.224371010795791E-03   3.783123054034269E-03  -4.461572959593128E-05
   0.803550000000000E+08   2   2.546816134181185E+00   4.804589525090867E+00  -1.629874567006882E-02  -6.266528725311235E-03   3.567829215814897E-03   3.727359599809687E-06
   0.840075000000000E+08   2   2.344191811468108E+00   4.822604002376758E+00   1.543117862173969E-02  -6.404791761285375E-03   3.538550086499779E-03   3.788170130462327E-05
   0.876600000000000E+08   2   2.306723530191202E+00   4.683296561501452E+00   4.670749666798526E-02  -6.556049756751183E-03   3.681415041433785E-03   7.234866658369754E-06
   0.913125000000000E+08   2   2.386292774695196E+00   4.575571691378516E+00   3.331459596734285E-02  -6.613054253055283E-03   3.758176666459943E-03  -4.840237530475880E-05
   0.949650000000000E+08   2   2.251812057086016E+00   4.714979451396331E+00  -6.869257509756049E-03  -6.675486222550033E-03   3.446394393482878E-03  -4.924485417760329E-05
   0.986175000000000E+08   2   1.955066049220548E+00   4.853076364850304E+00  -1.667997361969677E-02  -6.817854206927886E-03   3.131984962930043E-03   5.170075385801224E-06
   0.102270000000000E+09   2   1.828387666756181E+00   4.772732377986621E+00   1.765021959539596E-02  -7.002524435067422E-03   3.151530455047974E-03   3.232131863475700E-05
   0.105922500000000E+09   2   1.996349505586264E+00   4.565632988601994E+00   4.188595013876786E-02  -7.080404512994445E-03   3.436842709279904E-03  -5.898027362096894E-06
   0.109575000000000E+09   2   2.217380129398511E+00   4.467171195660100E+00   2.587414164484712E-02  -6.991376957022869E-03   3.600191952337558E-03  -5.865334595244371E-05
   0.113227500000000E+09   2   2.160045385454990E+00   4.581771963234662E+00  -1.277956036213258E-02  -6.965978824086951E-03   3.388501046347441E-03  -5.054083583656351E-05
   0.116880000000000E+09   2   1.866880280977135E+00   4.688550641051187E+00  -1.801833476758397E-02  -7.145286292339226E-03   3.064447982894514E-03   8.040688252258934E-06
   0.120532500000000E+09   2   1.824169052111864E+00   4.586140634182130E+00   1.620388074625689E-02  -7.318249027827455E-03   3.087894182867963E-03   3.080257240516811E-05
   0.124185000000000E+09   2   2.093896796908965E+00   4.423373867386608E+00   3.809487046867598E-02  -7.261083606850029E-03   3.374573215033881E-03  -1.318701019385573E-05
   0.127837500000000E+09   2   2.345926897626913E+00   4.396088643961501E+00   2.055503139335388E-02  -7.048112111528955E-03   3.502845153795534E-03  -6.166490958651987E-05
   0.131490000000000E+09   2   2.221987993667041E+00   4.563131968377381E+00  -1.783267145117136E-02  -7.027798233126378E-03   3.223922141336382E-03  -4.520390605558455E-05
   0.135142500000000E+09   2   1.908139077846863E+00   4.667072751240126E+00  -1.952754288542058E-02  -7.236071494783993E-03   2.862290784556448E-03   1.443166634448585E-05
   0.138795000000000E+09   2   1.931356660900212E+00   4.583447481497871E+00   1.593024927425697E-02  -7.339235487700614E-03   2.880852789550601E-03   3.099775159879516E-05
   0.142447500000000E+09   2   2.237952549021249E+00   4.509432313470974E+00   3.708576746893254E-02  -7.148302634123225E-03   3.103792080372113E-03  -1.712907608613265E-05
   0.146100000000000E+09   2   2.406206024932579E+00   4.588791225780607E+00   1.526489607617351E-02  -6.897301509036691E-03   3.133640711739725E-03  -5.827628524669970E-05
   0.149752500000000E+09   2   2.270479113530016E+00   4.744580332524056E+00  -2.265199889508408E-02  -6.854761527451324E-03   2.949007741614665E-03  -3.562218406175654E-05
   0.153405000000000E+09   2   1.981307619156378E+00   4.817484738397069E+00  -1.933995799357485E-02  -7.049769163898415E-03   2.662594045103049E-03   2.186295980794853E-05
   0.157057500000000E+09   2   1.922858812061372E+00   4.811428018183971E+00   1.906765029837872E-02  -7.148815718775691E-03   2.508241549179265E-03   3.019220838985367E-05
   0.160710000000000E+09   2   2.044926817801081E+00   4.872455515753525E+00   3.739274403516667E-02  -6.996030026123881E-03   2.495628228007097E-03  -1.979930209613615E-05
   0.164362500000000E+09   2   2.024942898152112E+00   5.020322658492424E+00   8.363924747882801E-03  -6.830553797592054E-03   2.415456594413106E-03  -5.431795865920462E-05
   0.168015000000000E+09   2   1.785222118282504E+00   5.131609280037113E+00  -2.695728117913475E-02  -6.860905843122130E-03   2.240965657508794E-03  -2.330020336571722E-05
   0.171667500000000E+09   2   1.544481786100175E+00   5.126955535997873E+00  -1.403433481992895E-02  -7.036983201229529E-03   2.042900792215251E-03   2.927685699108629E-05
   0.175320000000000E+09   2   1.500762644409206E+00   5.122819415948585E+00   2.586299851315932E-02  -7.098627832161908E-03   1.908562477746980E-03   2.735815066359657E-05
   0.178972500000000E+09   2   1.487082963168608E+00   5.237771183493360E+00   3.756852300128239E-02  -6.972762865570446E-03   1.799255312215346E-03  -2.545869092774560E-05
   0.182625000000000E+09   2   1.302315577632347E+00   5.358747404724829E+00   1.729213817181253E-03  -6.906920668991477E-03   1.666542276310548E-03  -5.216662506764046E-05
   0.186277500000000E+09   2   1.079057881949259E+00   5.353429124854244E+00  -2.719906164162466E-02  -7.003295981564446E-03   1.578111013586643E-03  -1.395784880260217E-05
   0.189930000000000E+09   2   9.610961031108228E-01   5.263982403626372E+00  -5.897261799350836E-03  -7.178213868495904E-03   1.499144657091605E-03   3.329981960229682E-05
   0.193582500000000E+09   2   8.746644921577330E-01   5.273940617627694E+00   3.348270941472996E-02  -7.226169461394190E-03   1.289069291221764E-03   1.986623870953838E-05
   0.197235000000000E+09   2   6.819132606786448E-01   5.380023727160347E+00   3.479013199508413E-02  -7.158040690406016E-03   1.030358724210160E-03  -3.610357155926940E-05
   0.200887500000000E+09   2   4.430584167157245E-01   5.403010867448840E+00  -4.736447192620073E-03  -7.180213923337144E-03   8.810002537552128E-04  -5.324274312489074E-05
   0.204540000000000E+09   2   3.308672177258140E-01   5.288873554716213E+00  -2.536998604238610E-02  -7.355018736374440E-03   8.694603417800762E-04  -8.945155020420181E-06
   0.208192500000000E+09   2   4.255677674057036E-01   5.158902027219008E+00   1.997262104789863E-03  -7.521180217323830E-03   9.675502517831052E-04   3.327843185482373E-05
   0.211845000000000E+09   2   4.857379041003402E-01   5.159503431344403E+00   3.666933593345152E-02  -7.517380003270040E-03   9.274856040490143E-04   9.738859567704387E-06
   0.215497500000000E+09   2   2.545608355666549E-01   5.241412618922685E+00   3.040239625849181E-02  -7.453686762933011E-03   6.278010614920991E-04  -4.794382493828831E-05
   0.219150000000000E+09   2  -1.483337880905576E-02   5.194682529894738E+00  -1.023697450285631E-02  -7.547000310835927E-03   3.801052918096225E-04  -5.773420411099765E-05
   0.222802500000000E+09   2   2.292826659721134E-02   5.052350186497805E+00  -2.351250479848371E-02  -7.754079791165933E-03   4.364858071295586E-04  -8.019671089569349E-06
   0.226455000000000E+09   2   2.774171826113087E-01   4.966999860229342E+00   5.101346299070057E-03  -7.856024693231014E-03   6.563998701237955E-04   2.966608493382523E-05
   0.230107500000000E+09   2   3.582635342146839E-01   5.020606369555898E+00   3.632292845564600E-02  -7.769533923848413E-03   6.386178566949731E-04  -1.829721389417367E-06
   0.233760000000000E+09   2   8.672169021693249E-02   5.083860806986314E+00   2.436098382560327E-02  -7.712911185959145E-03   2.829407971228154E-04  -6.054075477445024E-05
   0.237412500000000E+09   2  -9.673657455494228E-02   5.008076122008254E+00  -1.530655961672359E-02  -7.830748064226326E-03   7.143979657860216E-05  -6.158201810158381E-05
   0.241065000000000E+09   2   9.861923607137303E-02   4.904991032912466E+00  -2.392590003591068E-02  -7.984620009434786E-03   2.463792720831662E-04  -7.556089197042378E-06
   0.244717500000000E+09   2   4.513064603211775E-01   4.905406542783052E+00   4.483141551017410E-03  -7.937154772295233E-03   5.783443659057777E-04   2.534545748251432E-05
   0.248370000000000E+09   2   5.678203964720199E-01   5.008357824226208E+00   3.464367769499046E-02  -7.757194137027088E-03   6.480041931836176E-04  -1.067084448733736E-05
   0.252022500000000E+09   2   3.013866166402054E-01   5.079858436303357E+00   1.976260380964140E-02  -7.706091910736230E-03   3.297177309132412E-04  -6.625647903557320E-05
   0.255675000000000E+09   2   6.646076520601137E-02   5.017197240478077E+00  -2.022309337952779E-02  -7.818612374302049E-03   1.042522139424342E-06  -6.069654454575104E-05
   0.259327500000000E+09   2   2.292252879937292E-01   4.985546177686926E+00  -2.745068589140782E-02  -7.859115368539555E-03   8.804757154105009E-05  -3.476326558396765E-06
   0.262980000000000E+09   2   4.676491224366399E-01   5.078093380231074E+00   3.604605433672549E-03  -7.691047520991000E-03   2.873682502319285E-04   2.210551497755370E-05
   0.266632500000000E+09   2   4.299193374327768E-01   5.215927898099658E+00   3.161099231999456E-02  -7.497544912382075E-03   2.529914570432656E-04  -1.738867398844031E-05
   0.270285000000000E+09   2   1.467476652960846E-01   5.246397544390148E+00   1.161435353869937E-02  -7.478889124438169E-03  -1.271560252741283E-05  -6.639140470612066E-05
   0.273937500000000E+09   2  -8.329218192733049E-03   5.181112423278586E+00  -2.842468998003017E-02  -7.573165436141813E-03  -2.338600473472186E-04  -5.253489443975862E-05
   0.277590000000000E+09   2   8.209633127496001E-02   5.206489446702870E+00  -3.172735580776782E-02  -7.535129533440835E-03  -2.350419911649074E-04   4.878585288543124E-06
   0.281242500000000E+09   2   1.277793540001323E-01   5.339506685745265E+00   3.850460145584270E-03  -7.345467329214767E-03  -1.952508079524705E-04   2.291953339978732E-05
   0.284895000000000E+09   2  -3.509072027637590E-02   5.433974370513773E+00   2.778173494776603E-02  -7.212094193686038E-03  -2.686962580824905E-04  -2.010973534337171E-05
   0.288547500000000E+09   2  -2.930662447707271E-01   5.394960032993267E+00   1.209273435174734E-03  -7.246535939107302E-03  -4.652660324703004E-04  -6.202598312324791E-05
   0.292200000000000E+09   2  -4.625996135321053E-01   5.306152593097706E+00  -3.674040762011761E-02  -7.332661000446066E-03  -7.236539464455821E-04  -3.867150905662503E-05
   0.295852500000000E+09   2  -5.157898774556405E-01   5.340582360452595E+00  -3.240471498157863E-02  -7.260800378271078E-03  -8.751489361251392E-04   1.752471864453264E-05
   0.299505000000000E+09   2  -6.437220507275635E-01   5.434498082701638E+00   7.744611174004060E-03  -7.100963533830577E-03  -9.468994633135357E-04   2.620386656140002E-05
   0.303157500000000E+09   2  -8.738194982166553E-01   5.423412334130001E+00   2.394906009087044E-02  -7.057573762497136E-03  -1.052702010931976E-03  -2.251324017211993E-05
   0.306810000000000E+09   2  -1.008106314344505E+00   5.297964789621453E+00  -8.504139259974222E-03  -7.182253477085886E-03  -1.151345971169101E-03  -5.565691172847794E-05
   0.310462500000000E+09   2  -9.928668040827302E-01   5.211622821715926E+00  -3.988015492004496E-02  -7.295056967124991E-03  -1.228723908231763E-03  -2.468850019318597E-05
   0.314115000000000E+09   2  -1.069912053959900E+00   5.239263861551705E+00  -2.715878049958973E-02  -7.206733160714199E-03  -1.383450927222657E-03   2.956448592266721E-05
   0.317767500000000E+09   2  -1.340980470205961E+00   5.243191983366553E+00   1.426069378542315E-02  -7.065327988388233E-03  -1.616773532664287E-03   2.802422642450521E-05
   0.321420000000000E+09   2  -1.546709803470945E+00   5.128314413466722E+00   2.219563039821934E-02  -7.107053703958590E-03  -1.776928596858246E-03  -2.503965502525085E-05
   0.325072500000000E+09   2  -1.525975409357023E+00   4.991831906576542E+00  -1.302968167980965E-02  -7.297034330536784E-03  -1.821108922046285E-03  -5.159721574830479E-05
   0.328725000000000E+09   2  -1.392584103006958E+00   4.951271288496756E+00  -3.778536957308515E-02  -7.414971743540150E-03  -1.806102835616453E-03  -1.230794723629934E-05
   0.332377500000000E+09   2  -1.482780118717550E+00   4.981451678682865E+00  -1.808930381627650E-02  -7.291484998279636E-03  -1.968505493775553E-03   3.836193065548313E-05
   0.336030000000000E+09   2  -1.754284113248290E+00   4.922125803361291E+00   2.102526224774018E-02  -7.171599142091176E-03  -2.236882137183901E-03   2.627436865866006E-05
   0.339682500000000E+09   2  -1.845010085347764E+00   4.779279913833530E+00   2.172805486945517E-02  -7.281975927784580E-03  -2.381851547861151E-03  -3.063271089005487E-05
   0.343335000000000E+09   2  -1.613834356491496E+00   4.718284048222579E+00  -1.341351811280145E-02  -7.534795812813013E-03  -2.255418806308515E-03  -5.166034986437873E-05
   0.346987500000000E+09   2  -1.331204654820361E+00   4.790839855646961E+00  -3.339884008786184E-02  -7.623668668444380E-03  -2.019868505184947E-03  -6.240168779937614E-06
   0.350640000000000E+09   2  -1.382681951943131E+00   4.861353273476643E+00  -1.179234585519212E-02  -7.477734911973353E-03  -2.088256706954923E-03   4.103250908979795E-05
   0.354292500000000E+09   2  -1.716689086313673E+00   4.763066591305599E+00   2.528836185144965E-02  -7.338157588501592E-03  -2.493831105908176E-03   2.069384046607495E-05
   0.357945000000000E+09   2  -1.761900528258336E+00   4.637267503359282E+00   2.122603407417459E-02  -7.437919639297116E-03  -2.676523349471089E-03  -3.882110288194858E-05
   0.361597500000000E+09   2  -1.482475732275265E+00   4.677799523319976E+00  -1.263573381700818E-02  -7.594137856624006E-03  -2.472876915687572E-03  -5.300535237854862E-05
   0.365250000000000E+09   2  -1.240911279808353E+00   4.828229613240627E+00  -3.172997981028153E-02  -7.553125302885492E-03  -2.200960817411299E-03  -3.175223003716964E-06
