   0.000000000000000E+00   6  -2.138183346748700E+01   3.207799861155299E+01   2.492458557184300E+00  -1.776056261431200E-03  -2.060870159021399E-03   6.580950635152800E-04
   0.365250000000000E+07   6   1.814432354378548E+01  -3.010191701287700E+01  -2.003050119582753E+00   2.781044287947673E-03   9.381845168285247E-04  -8.151760643255300E-04
   0.730500000000000E+07   6  -5.765126792853800E+00   4.272345250186119E+01  -2.205151887357332E+00  -2.254777393503640E-03  -8.461969066195006E-04   6.672511240152916E-04
   0.109575000000000E+08   6  -2.504413115825488E+00  -3.107955167395773E+01   3.237167994202705E+00   3.173143388245619E-03  -8.143666578567600E-04  -7.755155018396978E-04
   0.146100000000000E+08   6   1.110637447160255E+01   4.474595679012182E+01  -6.473142917144958E+00  -2.211164738385829E-03   2.189407369670647E-04   5.718669762081193E-04
   0.182625000000000E+08   6  -2.122235522966467E+01  -1.947398153316535E+01   7.140404568904708E+00   2.265433945397300E-03  -2.661104779982396E-03  -4.123660012688484E-04
   0.219150000000000E+08   6   2.663586147206205E+01   3.947686176102326E+01  -9.938257471651662E+00  -1.829248200548045E-03   1.096235812797572E-03   4.157364552622367E-04
   0.255675000000000E+08   6  -2.999275977979202E+01   1.257140044931528E+00   8.055305276082008E+00   3.447534144539858E-04  -3.369772779631331E-03   1.254336649806936E-04
   0.292200000000000E+08   6   3.831580692072853E+01   2.852700023288849E+01  -1.217433187288068E+01  -1.215651028909897E-03   1.741567317384733E-03   2.234962294397031E-04
   0.328725000000000E+08   6  -2.618599097982067E+01   2.201141335823789E+01   5.929881525745203E+00  -1.313006775260572E-03  -2.742826865920713E-03   5.129243224144299E-04
   0.365250000000000E+08   6   4.468190952579761E+01   1.369850085661326E+01  -1.298316901864579E+01  -4.248594625680182E-04   2.137228155658503E-03   4.010523112104882E-06
   0.401775000000000E+08   6  -1.396354844444095E+01   3.635958008510837E+01   2.134114923548939E+00  -2.164042282989699E-03  -1.587054418582674E-03   6.708904063320425E-04
   0.438300000000000E+08   6   4.454575196466223E+01  -3.132262538151880E+00  -1.218982660833155E+01   5.165534505133769E-04   2.234940183315926E-03  -2.402370013858079E-04
   0.474825000000000E+08   6   1.984760574318945E+00   4.285932725201891E+01  -2.176592326363961E+00  -2.374184156329026E-03  -4.170335783155567E-04   6.743025087207701E-04
   0.511350000000000E+08   6   3.714451499167159E+01  -1.903446498183057E+01  -9.699026043463116E+00   1.531277493112331E-03   1.934481133982961E-03  -4.927507501550416E-04
   0.547875000000000E+08   6   1.801410867191789E+01   4.192960900852312E+01  -6.227696331949637E+00  -2.160480645178322E-03   5.776474670874364E-04   5.856081736744389E-04
   0.584400000000000E+08   6   2.261637662728368E+01  -3.062460127307902E+01  -5.579181135073910E+00   2.477745967227381E-03   1.103194942067957E-03  -7.218053691961699E-04
   0.620925000000000E+08   6   3.153659568240572E+01   3.493719203280125E+01  -9.518340424105483E+00  -1.683157057806281E-03   1.338532601588319E-03   4.450482443055041E-04
   0.657450000000000E+08   6   2.152327776828572E+00  -3.371061040404427E+01  -1.043406955198256E-01   3.015642635794392E-03  -4.408480620932052E-04  -8.426230262062395E-04
   0.693975000000000E+08   6   4.120020561511253E+01   2.329701541317812E+01  -1.182346894143635E+01  -1.017622329440545E-03   1.875846813846866E-03   2.667605624226362E-04
   0.730500000000000E+08   6  -1.835203824228835E+01  -2.361297840692752E+01   5.295902025566174E+00   2.397791967709420E-03  -2.402473925355108E-03  -6.648026642296974E-04
   0.767025000000000E+08   6   4.577203035908688E+01   8.662378008052000E+00  -1.291253440722748E+01  -2.191456483380472E-04   2.163945127314775E-03   5.967567071010511E-05
   0.803550000000000E+08   6  -2.882913496927648E+01  -2.772535103275971E+00   8.124040757890889E+00   5.072368317145640E-04  -3.449566689934887E-03  -1.592730672304711E-04
   0.840075000000000E+08   6   4.434317136146856E+01  -6.990776568979688E+00  -1.259008656365986E+01   6.640271118490945E-04   2.169281862217197E-03  -1.689080145382855E-04
   0.876600000000000E+08   6  -2.496965499736118E+01   2.032883349689493E+01   7.328945521529279E+00  -1.444303114354103E-03  -2.870210618539085E-03   3.668523678498947E-04
   0.913125000000000E+08   6   3.657960796171976E+01  -2.149834402775939E+01  -1.073000940932374E+01   1.576612394660624E-03   1.828069502368555E-03  -4.128053790030033E-04
   0.949650000000000E+08   6  -1.062967167728416E+01   3.577492168586914E+01   3.830671232139574E+00  -2.382733044193990E-03  -1.500674946473686E-03   6.358594964280586E-04
   0.986175000000000E+08   6   2.240690389677712E+01  -3.212023974768493E+01  -7.233451979375844E+00   2.414993862977488E-03   1.027226548697144E-03  -6.542819128110244E-04
   0.102270000000000E+09   6   7.206014747573002E+00   4.131765418018081E+01  -6.734287814593175E-01  -2.481911975476765E-03  -1.795819339354285E-04   6.920459812135138E-04
   0.105922500000000E+09   6   3.514616904274786E+00  -3.515723884769866E+01  -2.322129737173348E+00   2.891345181160377E-03  -3.300559734957340E-04  -8.289781168740502E-04
   0.109575000000000E+09   6   2.369802907458951E+01   3.848023370604415E+01  -5.037440943651228E+00  -2.117156437702340E-03   8.354143566435218E-04   6.287692966806730E-04
   0.113227500000000E+09   6  -1.600018433486993E+01  -2.690170440023354E+01   3.216598625550393E+00   2.473021921660056E-03  -2.118414217550867E-03  -7.974184088420235E-04
   0.116880000000000E+09   6   3.683901619698046E+01   2.933725088883764E+01  -8.810098519236538E+00  -1.490894282259092E-03   1.558759978173535E-03   4.971607288891832E-04
   0.120532500000000E+09   6  -2.789727067105154E+01  -7.392415536797404E+00   7.387372751760327E+00   7.705010516441743E-04  -3.397659427742374E-03  -4.115627740159145E-04
   0.124185000000000E+09   6   4.494356521260828E+01   1.605256175253762E+01  -1.156095913290567E+01  -7.260738567769122E-04   1.990212309677470E-03   3.233152584100139E-04
   0.127837500000000E+09   6  -2.567341200025144E+01   1.604078008928317E+01   8.220484648313525E+00  -1.328481139316677E-03  -3.088476248352709E-03   1.619308747182116E-04
   0.131490000000000E+09   6   4.719499546656095E+01   5.329033637863654E-01  -1.306941248674023E+01   1.209772705155178E-04   2.140265117265624E-03   1.169960396870232E-04
   0.135142500000000E+09   6  -1.158004842372508E+01   3.280703416800849E+01   5.711443177751044E+00  -2.478926785951937E-03  -1.680766948214995E-03   5.559154902716711E-04
   0.138795000000000E+09   6   4.341674441428121E+01  -1.455295513386375E+01  -1.315020969719358E+01   9.613791571229097E-04   2.000170114854732E-03  -1.057155901199960E-04
   0.142447500000000E+09   6   6.984346431843661E+00   3.905658028758219E+01   1.438470007895399E+00  -2.622870739283304E-03  -2.162683184524830E-04   6.996935987670409E-04
   0.146100000000000E+09   6   3.334875579695420E+01  -2.786295872102057E+01  -1.164359018060632E+01   1.791021599661883E-03   1.523944780615931E-03  -3.544077375506421E-04
   0.149752500000000E+09   6   2.428591133937535E+01   3.603008887104814E+01  -3.177423246777723E+00  -2.193795682811635E-03   9.029565184572671E-04   6.815206462743964E-04
   0.153405000000000E+09   6   1.784233792531595E+01  -3.626574626842098E+01  -8.463714591423313E+00   2.458631406269624E-03   6.431252781461430E-04  -6.042483011197434E-04
   0.157057500000000E+09   6   3.768710317196511E+01   2.619957402893106E+01  -7.413834492916195E+00  -1.476490440995262E-03   1.653044417816568E-03   5.694226918061773E-04
   0.160710000000000E+09   6  -9.143233680167607E-01  -3.674127475447143E+01  -3.777331469309725E+00   2.721878075725623E-03  -6.706117072655686E-04  -8.054618109980708E-04
   0.164362500000000E+09   6   4.531982571942500E+01   1.228851289283340E+01  -1.067872268356753E+01  -6.397583620884696E-04   2.052833596405618E-03   4.030486362597486E-04
   0.168015000000000E+09   6  -1.860520683942325E+01  -2.698836612599355E+01   1.731802283933020E+00   2.180177309873821E-03  -2.248635439833235E-03  -8.463567799919849E-04
   0.171667500000000E+09   6   4.677229780110510E+01  -3.310703983239916E+00  -1.272286712830084E+01   2.302262185547806E-04   2.138665053626722E-03   2.011919144927090E-04
   0.175320000000000E+09   6  -2.877615923988511E+01  -6.315665480102606E+00   6.721659485356050E+00   4.331182867185286E-04  -3.408323120384378E-03  -5.506186617165610E-04
   0.178972500000000E+09   6   4.183928650838823E+01  -1.858192091268957E+01  -1.332413456884011E+01   1.090305743882278E-03   1.920742246353639E-03  -3.080073275456976E-05
   0.182625000000000E+09   6  -2.440477562314720E+01   1.666851941588329E+01   8.569835853705088E+00  -1.651485513675972E-03  -3.009167357168478E-03   1.208264753568504E-05
   0.186277500000000E+09   6   3.110211397105736E+01  -3.100706662994789E+01  -1.233231078213099E+01   1.853835037631844E-03   1.383232090552572E-03  -2.804279533788992E-04
   0.189930000000000E+09   6  -8.343923528480680E+00   3.226319104643134E+01   6.814088032686110E+00  -2.754294230814406E-03  -1.464697052038450E-03   4.833163519983657E-04
   0.193582500000000E+09   6   1.559223289473197E+01  -3.824774492340291E+01  -9.663821868887727E+00   2.418187447439533E-03   5.037324874305752E-04  -5.339983311904353E-04
   0.197235000000000E+09   6   1.168588720924244E+01   3.645662006526121E+01   2.718009837773505E+00  -2.734483082279925E-03   1.197006016701325E-04   6.975304508407934E-04
   0.200887500000000E+09   6  -2.743332656751195E+00  -3.791681762884217E+01  -5.348195253299612E+00   2.591858112106870E-03  -7.434423620098114E-04  -7.587718222174685E-04
   0.204540000000000E+09   6   2.914159439805676E+01   3.091881137245671E+01  -2.074089375032638E+00  -2.104752589778510E-03   1.235007465165961E-03   7.133458238288456E-04
   0.208192500000000E+09   6  -1.982936091194970E+01  -2.777981181965819E+01   1.356489464426901E-01   2.032260070060809E-03  -2.212207315797667E-03  -8.630368425039902E-04
   0.211845000000000E+09   6   4.107586966445252E+01   1.907951820830157E+01  -6.536009410651071E+00  -1.247575840072670E-03   1.878361754684529E-03   6.186049068623358E-04
   0.215497500000000E+09   6  -2.927319377046018E+01  -8.359928479286852E+00   5.432785842248042E+00   4.513176491399044E-04  -3.304202327691530E-03  -6.897042329243082E-04
   0.219150000000000E+09   6   4.673684579385286E+01   3.606110403358129E+00  -1.024502865322303E+01  -3.109709625210473E-04   2.134162676717601E-03   4.546921644739179E-04
   0.222802500000000E+09   6  -2.499695013135918E+01   1.479479522654526E+01   8.472080927574483E+00  -1.687109634173973E-03  -3.030946913796998E-03  -1.716939879571294E-04
   0.226455000000000E+09   6   4.558523061353053E+01  -1.215461471917016E+01  -1.264626459068016E+01   5.658374583056898E-04   2.059429939640916E-03   2.567440891897265E-04
   0.230107500000000E+09   6  -8.253146871016703E+00   3.057347426769420E+01   7.716558418323782E+00  -2.913122484696576E-03  -1.436550561847359E-03   3.744126110265993E-04
   0.233760000000000E+09   6   3.836691437576686E+01  -2.634266803003796E+01  -1.363756164569547E+01   1.353965266775475E-03   1.694708466945491E-03   3.132987062700239E-05
   0.237412500000000E+09   6   1.248456376629567E+01   3.414022664224566E+01   4.104699364278927E+00  -2.861509087961843E-03   2.632976057272724E-04   6.729742372680085E-04
   0.241065000000000E+09   6   2.540712260846401E+01  -3.708859734365792E+01  -1.300183610349499E+01   2.006535416641345E-03   1.030684969075360E-03  -2.214499350440299E-04
   0.244717500000000E+09   6   3.036645540775566E+01   2.723954766420823E+01  -7.473453886226606E-01  -2.094566655571019E-03   1.445006220105819E-03   7.393966243360677E-04
   0.248370000000000E+09   6   9.109899749365677E+00  -4.176558020061018E+01  -1.071461950881841E+01   2.385528102088579E-03   1.108079140656505E-04  -4.725152698705590E-04
   0.252022500000000E+09   6   4.180850575408272E+01   1.380221600504367E+01  -5.544519263378901E+00  -1.089265106309140E-03   2.052088257024772E-03   6.613606109220236E-04
   0.255675000000000E+09   6  -8.570492851619957E+00  -3.879956198540037E+01  -6.768273274309546E+00   2.362651167712508E-03  -1.048436308049069E-03  -7.038278517137595E-04
   0.259327500000000E+09   6   4.574783002882447E+01  -2.022043428110849E+00  -9.441419609130891E+00  -1.047653473712936E-04   2.204773024828947E-03   5.090767749623593E-04
   0.262980000000000E+09   6  -2.428982426934082E+01  -2.640250091649737E+01  -1.281161746021299E+00   1.649088687476955E-03  -2.355261508039165E-03  -8.516520179993368E-04
   0.266632500000000E+09   6   4.279607785587343E+01  -1.803604308752153E+01  -1.223210011074056E+01   8.092072416719370E-04   2.007911631033063E-03   3.062597155166223E-04
   0.270285000000000E+09   6  -3.125263898264182E+01  -5.740938788971220E+00   4.454551341916809E+00   1.770490596573543E-05  -3.225471580981246E-03  -7.560302471588610E-04
   0.273937500000000E+09   6   3.372753838337080E+01  -3.137674389582311E+01  -1.353657981786792E+01   1.561701143925548E-03   1.523488452187809E-03   7.506477921609955E-05
   0.277590000000000E+09   6  -2.470772635236802E+01   1.583506705325081E+01   8.182909463423893E+00  -1.973974958189917E-03  -2.824306292944030E-03  -3.260593150900985E-04
   0.281242500000000E+09   6   2.021591798733186E+01  -4.014625541406183E+01  -1.325577247442971E+01   2.095013426203921E-03   8.039188810038382E-04  -1.702310240512425E-04
   0.284895000000000E+09   6  -4.934819938127354E+00   3.043091934588698E+01   8.315238902676215E+00  -3.157631213954626E-03  -1.023962954167003E-03   2.843736075254856E-04
   0.288547500000000E+09   6   3.662260899820399E+00  -4.290764453576302E+01  -1.127859808583323E+01   2.350112313745674E-03  -1.364481684586450E-04  -4.250274473599369E-04
   0.292200000000000E+09   6   1.737399124215682E+01   3.068579488830431E+01   4.902205771078703E+00  -2.850912939646404E-03   7.871854757776687E-04   6.591127610493243E-04
   0.295852500000000E+09   6  -1.311522521857037E+01  -3.839315366576515E+01  -7.695307846838133E+00   2.196604897820563E-03  -1.229375204754923E-03  -6.603124145433428E-04
   0.299505000000000E+09   6   3.427682663149226E+01   2.026206968820029E+01  -6.410501503752954E-02  -1.823199743922173E-03   1.872206326578721E-03   7.612687348193701E-04
   0.303157500000000E+09   6  -2.659942653219836E+01  -2.629834692538151E+01  -2.855210154272064E+00   1.487314184497318E-03  -2.311427296260246E-03  -8.238422831237530E-04
   0.306810000000000E+09   6   4.312589808254549E+01   3.886131001468570E+00  -5.261979645162274E+00  -6.267877659379100E-04   2.286066893808077E-03   6.901688134178607E-04
   0.310462500000000E+09   6  -3.278758711350766E+01  -7.662693002699207E+00   2.597974199280998E+00   8.260216091498975E-05  -3.055065415828805E-03  -8.213672579547986E-04
   0.314115000000000E+09   6   4.337090804137635E+01  -1.361204863006938E+01  -9.587854299780785E+00   4.472124329724147E-04   2.187549340444280E-03   5.229782311403326E-04
   0.317767500000000E+09   6  -2.743846898505392E+01   1.296561885994275E+01   7.137588432390186E+00  -1.778606423799844E-03  -2.839486212875398E-03  -5.302932359419549E-04
   0.321420000000000E+09   6   3.626365989335031E+01  -2.881783951427619E+01  -1.250540801174938E+01   1.300565515993605E-03   1.747229208899686E-03   3.079026383892196E-04
   0.325072500000000E+09   6  -1.085067524847658E+01   2.749493703918228E+01   8.886978485658119E+00  -3.121373396187028E-03  -1.403994724508773E-03   1.601803968753750E-06
   0.328725000000000E+09   6   2.314710642075775E+01  -4.006704771351356E+01  -1.384873961061419E+01   1.921559394772448E-03   1.028720541211045E-03   5.404472628452514E-05
   0.332377500000000E+09   6   1.088378099431448E+01   3.027661469205016E+01   7.184236242436061E+00  -3.160672376397280E-03   4.865247442327002E-04   4.991791684036868E-04
   0.336030000000000E+09   6   6.766452863072470E+00  -4.484700208235774E+01  -1.334060582487926E+01   2.225415889030363E-03   1.428171048823224E-04  -2.067108113318613E-04
   0.339682500000000E+09   6   2.913192957469882E+01   2.171677139785940E+01   3.053490195825174E+00  -2.204818345313457E-03   1.817943842340118E-03   7.474033321442285E-04
   0.343335000000000E+09   6  -1.043398052393726E+01  -4.242011373219275E+01  -1.101465314377438E+01   2.165290623587777E-03  -8.558464635600756E-04  -4.634686135947337E-04
   0.346987500000000E+09   6   3.956663091052592E+01   6.731339983544221E+00  -1.890001258439535E+00  -9.651048817580516E-04   2.381029552132948E-03   7.748259508643388E-04
   0.350640000000000E+09   6  -2.594673519254776E+01  -3.174271971678485E+01  -6.769452295310399E+00   1.614730251850420E-03  -1.910538234697825E-03  -6.989380368450565E-04
   0.354292500000000E+09   6   4.169481940714464E+01  -1.028810311226202E+01  -6.598080750311701E+00   1.948685368584755E-04   2.362679479852873E-03   6.680977035297981E-04
   0.357945000000000E+09   6  -3.460783563781720E+01  -1.451716978847720E+01  -1.395927815238864E+00   4.889954910599964E-04  -2.713010968392091E-03  -8.304845783186494E-04
   0.361597500000000E+09   6   3.646623296050681E+01  -2.589909182144514E+01  -1.037851831771573E+01   1.124320393730786E-03   1.955817606772855E-03   4.867635810501742E-04
   0.365250000000000E+09   6  -3.267118730979512E+01   6.508873661017208E+00   4.264201563421575E+00  -1.208327857596491E-03  -2.853486390122105E-03  -7.529848927006599E-04
