   0.000000000000000E+00   3   6.612079829705000E+00   6.386934883415000E+00  -1.361443021015000E-01  -4.180230691976999E-03   4.003576742277000E-03   1.672376407859000E-05
   0.365250000000000E+07   3  -5.385039763405430E+00  -7.783919481089946E+00  -1.316647276586394E-02   4.559879226390249E-03  -3.263724386116361E-03  -9.137710948493722E-05
   0.730500000000000E+07   3   4.315576997144177E+00   8.550727188874465E+00   1.586609939243555E-01  -4.875178793689525E-03   2.676486485146312E-03   1.596026423367799E-05
   0.109575000000000E+08   3  -5.255345290197002E+00  -8.611304793757604E+00  -8.737414702083052E-02   4.592016208524318E-03  -2.553010592377415E-03   7.120498745680039E-05
   0.146100000000000E+08   3   4.226027489759130E+00   7.687457293849885E+00  -8.838208271149159E-02  -5.368056060843588E-03   2.791597971400716E-03  -6.059870760490579E-05
   0.182625000000000E+08   3  -3.072865266189427E+00  -9.349479863455667E+00   1.041523678830902E-01   5.005821394934376E-03  -2.004940601658635E-03  -5.286950021275919E-05
   0.219150000000000E+08   3   4.159070495543146E+00   8.805496956427875E+00   5.803120603901300E-02  -5.010328901805058E-03   2.191464540243067E-03   8.451738714394851E-05
   0.255675000000000E+08   3  -2.960075850070731E+00  -9.079830121171934E+00  -1.653549303533248E-01   5.313587678790117E-03  -1.633543404212683E-03   1.126083134712961E-05
   0.292200000000000E+08   3   1.544466534149917E+00   8.919908237208199E+00   2.037667902086506E-02  -5.774445938015282E-03   1.076704330251343E-03  -9.152654481527298E-05
   0.328725000000000E+08   3  -8.208927975713933E-01  -1.009115270223272E+01   1.352881282047007E-01   5.189625055164828E-03  -6.752086319969267E-04   2.323347989691803E-05
   0.365250000000000E+08   3   3.375187169258921E+00   9.081301107969152E+00  -8.843597390925119E-02  -5.282465682110808E-03   1.517364946198800E-03   6.485404010753983E-05
   0.401775000000000E+08   3  -9.406664137148817E-01  -9.092771985305111E+00  -1.143921080884517E-01   5.754313857707511E-03  -7.556486236394194E-04  -6.778458709749815E-05
   0.438300000000000E+08   3   3.263815880438729E-01   9.627187417046517E+00   1.550077805057068E-01  -5.522346317251933E-03   2.595593696616391E-04  -4.421964869411399E-05
   0.474825000000000E+08   3   6.401921892838810E-01  -9.894949022988676E+00   2.734399958411893E-02   5.343247546344377E-03   3.143706739587879E-04   8.551005373865566E-05
   0.511350000000000E+08   3   1.341744599943620E-01   9.268865494779325E+00  -1.230616192007550E-01  -5.734299312370717E-03  -2.966120304746560E-04  -5.430207309047983E-06
   0.547875000000000E+08   3   2.555506527708964E+00  -8.888320657579206E+00  -8.883140857077355E-03   5.624180893099264E-03   1.152205678524744E-03  -7.968370406586152E-05
   0.584400000000000E+08   3  -9.382446160206813E-01   1.010843583025284E+01   1.585799480565450E-01  -5.206167551521248E-03  -5.387955447188175E-04   3.376472538695833E-05
   0.620925000000000E+08   3   1.319259286617473E+00  -9.267834124380331E+00  -1.239696272787201E-01   5.597171978305700E-03   9.150027262267809E-04   7.351186177468861E-05
   0.657450000000000E+08   3  -2.382906163472148E+00   9.056018076693439E+00  -6.624071215579017E-02  -5.480169858277828E-03  -1.508337567783385E-03  -8.528548769822732E-05
   0.693975000000000E+08   3   4.412232413503848E+00  -8.456436367348278E+00   1.168758484736103E-01   5.082994813026234E-03   2.275397188493266E-03  -2.609141935417487E-05
   0.730500000000000E+08   3  -2.849575648473659E+00   9.821033415924456E+00   2.424475252745669E-02  -4.918711280683694E-03  -1.666690587119611E-03   6.850411668906375E-05
   0.767025000000000E+08   3   2.790747679364275E+00  -8.384463003231970E+00  -1.476506167312787E-01   5.638386008160851E-03   2.037836995998601E-03  -1.577610776415608E-06
   0.803550000000000E+08   3  -4.745662988476394E+00   8.488875492651808E+00   5.473218820926559E-02  -4.887285457129693E-03  -2.463139373906356E-03  -9.520331119331411E-05
   0.840075000000000E+08   3   4.871596753666592E+00  -8.332201189658672E+00   1.187372798345549E-01   4.746731191179690E-03   2.784398626774352E-03   6.491568267019922E-05
   0.876600000000000E+08   3  -5.133487237843499E+00   8.263425525457262E+00  -1.124274320708521E-01  -4.531933757776300E-03  -3.062035890656557E-03   4.272436695564625E-05
   0.913125000000000E+08   3   5.857006258018756E+00  -6.620706660840924E+00  -7.473299189947898E-02   4.564309584105319E-03   3.887400291239711E-03  -6.130156617521348E-05
   0.949650000000000E+08   3  -6.936032702657042E+00   7.400871066565151E+00   1.455567478800394E-01  -3.999797763162531E-03  -3.376916218453558E-03  -3.735686308389086E-05
   0.986175000000000E+08   3   4.990993263191147E+00  -8.214925902995342E+00  -2.656300127112655E-02   4.544792378904838E-03   3.142165539975418E-03   1.025094379477307E-04
   0.102270000000000E+09   3  -6.479048227081561E+00   6.744525346478632E+00  -1.481278896716940E-01  -4.137875534686551E-03  -3.903742038269799E-03  -3.841427245286741E-05
   0.105922500000000E+09   3   7.305312008739007E+00  -5.789971849779239E+00   7.061951209535884E-02   3.627022318911135E-03   4.397562675213380E-03  -6.566571919088458E-05
   0.109575000000000E+09   3  -8.363817809088232E+00   5.792103984035698E+00   1.123344010617783E-01  -3.038392624924515E-03  -4.241281605284882E-03   3.743746308433254E-05
   0.113227500000000E+09   3   6.587556342515328E+00  -6.491116459318826E+00  -1.198111554979264E-01   3.687265447520207E-03   4.405916548376343E-03   6.048866854623589E-05
   0.116880000000000E+09   3  -8.214254312201570E+00   4.289937504838977E+00  -8.241934208102750E-02  -2.997673642354281E-03  -4.892022886272681E-03  -9.458014378562482E-05
   0.120532500000000E+09   3   8.280902671414394E+00  -5.409291528941512E+00   1.710912680738218E-01   2.897943969898785E-03   4.519966804228484E-03   3.622616332658226E-06
   0.124185000000000E+09   3  -8.528953941370695E+00   4.459250814476737E+00  -3.609081437572208E-02  -2.523808916275127E-03  -4.913830309782785E-03   7.592646129182215E-05
   0.127837500000000E+09   3   8.288770856287949E+00  -3.926974071226797E+00  -1.159748307779520E-01   2.296305104810299E-03   5.319109466455122E-03  -2.219223163498002E-05
   0.131490000000000E+09   3  -9.383891818563404E+00   1.863791330314385E+00   4.063321194549651E-02  -1.515683597523634E-03  -5.344772030499395E-03  -8.213512374243543E-05
   0.135142500000000E+09   3   9.148037708874002E+00  -4.518491593568974E+00   1.064856712234388E-01   2.098305518315823E-03   4.756328858553958E-03   7.276024186834144E-05
   0.138795000000000E+09   3  -8.432669123065505E+00   3.265420472875773E+00  -1.486700347002249E-01  -2.033297607323861E-03  -5.509345041204591E-03   2.953139293497885E-05
   0.142447500000000E+09   3   9.343068447313879E+00  -1.881570587221725E+00  -2.194514829846100E-02   1.186486490385461E-03   5.454555030739074E-03  -8.036104319922297E-05
   0.146100000000000E+09   3  -9.703852144075103E+00   5.764782774558751E-01   1.307840293288063E-01  -4.984840794701250E-04  -5.443085006072540E-03  -9.639814809651700E-06
   0.149752500000000E+09   3   9.698184597027049E+00  -1.701382435460164E+00  -2.817664476979544E-02   5.896769184641324E-04   5.369053214945541E-03   8.468148002986984E-05
   0.153405000000000E+09   3  -8.767315311511304E+00   7.271825455623551E-02  -1.402113542866630E-01  -1.831955294725122E-04  -6.038335474403044E-03  -4.371055739455070E-05
   0.157057500000000E+09   3   1.003078898873694E+01   1.629650231450747E-01   1.176825035994381E-01   1.223272668586796E-04   5.294034598658125E-03  -5.877210845517583E-05
   0.160710000000000E+09   3  -9.553737489639049E+00   5.412735079377375E-01   5.676402707689072E-02  -1.554145259720416E-04  -5.550594427187032E-03   7.251032471551351E-05
   0.164362500000000E+09   3   9.482106660341096E+00   6.314257820835988E-01  -1.245365809079337E-01  -4.855690711144933E-04   5.579253839296711E-03   3.292185552880393E-05
   0.168015000000000E+09   3  -8.801010700712942E+00  -2.358781551086048E+00  -4.868792889081532E-02   1.292563557799869E-03  -5.679683507932812E-03  -8.992217624012240E-05
   0.171667500000000E+09   3   1.002104664820503E+01   2.486136156531802E+00   1.760449605038260E-01  -1.149015334613048E-03   5.009063536610378E-03   8.535994040763919E-06
   0.175320000000000E+09   3  -9.273996439201168E+00  -5.376782993441999E-01  -9.115133722173925E-02   7.526576644095343E-04  -5.669670539940348E-03   7.606087717998223E-05
   0.178972500000000E+09   3   8.779975784167320E+00   3.196360183842484E+00  -1.078350593139859E-01  -1.717095944341572E-03   5.431622077462437E-03  -4.918699279008344E-05
   0.182625000000000E+09   3  -8.988441257545295E+00  -3.509327428713690E+00   9.560645271352415E-02   1.958994236742762E-03  -5.145018413534186E-03  -5.970921119358278E-05
   0.186277500000000E+09   3   8.989021669694530E+00   4.195198695975416E+00   9.416403397513790E-02  -2.328130778379134E-03   4.831137246441335E-03   7.263766781371149E-05
   0.189930000000000E+09   3  -8.239315929480142E+00  -3.630426069843980E+00  -1.538683007959303E-01   2.617279891842023E-03  -5.276116320163221E-03   2.125738981682176E-05
   0.193582500000000E+09   3   7.652787283234573E+00   5.754738002279689E+00  -1.862438857446856E-03  -2.979439873253991E-03   4.693237834408683E-03  -8.632481537975445E-05
   0.197235000000000E+09   3  -9.118624430141152E+00  -4.176337571637061E+00   1.250501831636502E-01   2.354541068840655E-03  -4.736598646595027E-03   2.614121432314824E-05
   0.200887500000000E+09   3   7.932711666538799E+00   4.921156409901967E+00  -5.639676052828309E-02  -3.068280841681496E-03   4.806585374946824E-03   7.614323946054840E-05
   0.204540000000000E+09   3  -7.187138722769879E+00  -5.888013649840504E+00  -1.316602844215543E-01   3.622092522676036E-03  -4.420221528465850E-03  -5.686295815049384E-05
   0.208192500000000E+09   3   6.310918504613503E+00   7.591594196914841E+00   1.322861467619175E-01  -3.959605334581983E-03   3.660559229595855E-03  -5.841914406468370E-05
   0.211845000000000E+09   3  -7.878029311328431E+00  -6.005615505692104E+00   1.419579196346710E-02   3.552900938417257E-03  -4.010436748625623E-03   8.140869410818127E-05
   0.215497500000000E+09   3   5.946515723202038E+00   6.570239690856914E+00  -1.153883932204936E-01  -4.374733921688750E-03   4.096884187265269E-03   5.890964741786323E-06
   0.219150000000000E+09   3  -6.177261166123735E+00  -7.682402013964790E+00  -7.158665567942252E-03   4.102277738209480E-03  -3.486385997909839E-03  -7.784236756695343E-05
   0.222802500000000E+09   3   5.813438137810182E+00   7.725874339782856E+00   1.631875928279008E-01  -4.417606276447132E-03   3.289126226807914E-03   2.417610007481504E-05
   0.226455000000000E+09   3  -5.704148892781262E+00  -7.650284220910236E+00  -1.134405547532384E-01   4.606744598125372E-03  -3.118426575043079E-03   7.956566741584873E-05
   0.230107500000000E+09   3   3.626032233506892E+00   8.248440526847808E+00  -8.738427658813752E-02  -5.279834960595112E-03   2.632067535617255E-03  -7.528462093010748E-05
   0.233760000000000E+09   3  -4.776842561749495E+00  -9.110850829583484E+00   1.206813606209415E-01   4.505589126566037E-03  -2.484476847465593E-03  -2.653145464639633E-05
   0.237412500000000E+09   3   5.299649233074199E+00   7.732646305622051E+00   3.243173060413101E-02  -4.861910949857809E-03   2.939564102157377E-03   7.639512542986047E-05
   0.241065000000000E+09   3  -3.348795934996377E+00  -8.770906964943592E+00  -1.610496476333547E-01   5.247687719138204E-03  -2.103896555535406E-03   1.321539921019582E-05
   0.244717500000000E+09   3   2.170315781778304E+00   9.253138544637682E+00   3.482375901126409E-02  -5.416720188345316E-03   1.435918748429035E-03  -1.011496494850527E-04
   0.248370000000000E+09   3  -2.468345064868176E+00  -9.813472336375870E+00   1.305963060713414E-01   5.101380319180984E-03  -1.176495183916050E-03   4.918829599058587E-05
   0.252022500000000E+09   3   2.609644927509022E+00   8.554396799572938E+00  -8.896615037317646E-02  -5.763218378227530E-03   1.444414297722873E-03   5.117354701171958E-05
   0.255675000000000E+09   3  -6.978506035919565E-01  -9.551580197487386E+00  -9.971880104590586E-02   5.485438861104708E-03  -7.831875506204354E-04  -5.348095370370764E-05
   0.259327500000000E+09   3   1.933899760562484E+00   9.657546478171110E+00   1.535918599712853E-01  -5.320093595395191E-03   9.518300660976522E-04  -4.139552392306427E-05
   0.262980000000000E+09   3  -8.815570696686983E-01  -9.536266020204121E+00   1.198262972878224E-02   5.525596270383589E-03  -4.208902340831119E-04   1.020391818408123E-04
   0.266632500000000E+09   3  -9.326160039221885E-02   9.070786209706778E+00  -1.429914192270087E-01  -5.860784220445956E-03  -1.135683133371641E-04  -2.588043568322619E-05
   0.270285000000000E+09   3   1.979745399329451E+00  -9.730498997953447E+00   4.187348247812527E-02   5.293644017587186E-03   7.113737283375877E-04  -6.519060206284190E-05
   0.273937500000000E+09   3   6.274860474117934E-01   9.911826845612470E+00   1.087275260570112E-01  -5.359583396799043E-03  -4.175973705777688E-05   3.838216930429533E-05
   0.277590000000000E+09   3   1.249692702756113E+00  -8.936232746969580E+00  -9.698439708308566E-02   5.827104239622133E-03   7.404559782405456E-04   7.506783578663613E-05
   0.281242500000000E+09   3  -2.223724936532415E+00   9.386515038540724E+00  -8.787446734248831E-02  -5.392204267442728E-03  -1.179592652952450E-03  -8.840078375505815E-05
   0.284895000000000E+09   3   3.169274691030058E+00  -9.280374837104779E+00   1.612278628659311E-01   5.142372914454729E-03   1.677830864153830E-03  -1.313392621567472E-05
   0.288547500000000E+09   3  -2.229619466582272E+00   9.266311829534306E+00  -2.473439436707411E-02  -5.334287499807458E-03  -1.655926841107469E-03   7.587770955549371E-05
   0.292200000000000E+09   3   4.060197497581398E+00  -8.007191759736298E+00  -1.211866123972553E-01   5.400899994182023E-03   2.378696448983866E-03  -7.248831108395603E-06
   0.295852500000000E+09   3  -3.842085021546103E+00   9.413529761371064E+00   5.929169312091383E-02  -4.871256591551382E-03  -1.893938997696286E-03  -7.862684991072431E-05
   0.299505000000000E+09   3   3.330078570672669E+00  -8.837460266978377E+00   1.170515604018231E-01   5.188825747463112E-03   2.158048030917667E-03   7.117265652396475E-05
   0.303157500000000E+09   3  -4.610262785917149E+00   8.178325454498813E+00  -1.373418235959891E-01  -4.913287891073536E-03  -2.830837144682603E-03   4.527493260759348E-05
   0.306810000000000E+09   3   6.302414929992649E+00  -6.968816763570314E+00  -5.484478762789640E-02   4.383131470211704E-03   3.564990184818843E-03  -7.438392432546308E-05
   0.310462500000000E+09   3  -6.012414178560202E+00   8.331087593816550E+00   1.393669579457271E-01  -4.119857324843838E-03  -3.121690943237321E-03  -1.447556561594689E-05
   0.314115000000000E+09   3   4.881341382047462E+00  -7.500476830053908E+00  -1.566980809137739E-02   4.803129949226484E-03   3.461464950964797E-03   9.445905075305548E-05
   0.317767500000000E+09   3  -6.877800479723580E+00   6.671583870861254E+00  -1.590123416109551E-01  -4.069532922261931E-03  -3.783330498062077E-03  -3.075635099187040E-05
   0.321420000000000E+09   3   6.809051287642504E+00  -6.877999460886689E+00   1.010023113522930E-01   3.886870012205458E-03   3.867034958080642E-03  -7.006600950524341E-05
   0.325072500000000E+09   3  -7.208392098556549E+00   6.617301575731730E+00   8.654374258635687E-02  -3.577710149633222E-03  -4.095893254461001E-03   6.156516236680476E-05
   0.328725000000000E+09   3   7.015014733771450E+00  -5.450869861054937E+00  -1.089888094463484E-01   3.605169999722328E-03   4.748987625575529E-03   4.628855690929726E-05
   0.332377500000000E+09   3  -8.710261787445967E+00   4.809895431940096E+00  -6.791126005796810E-02  -2.912495076869804E-03  -4.484204523661174E-03  -7.876131930018440E-05
   0.336030000000000E+09   3   7.280165483811472E+00  -6.629449661059677E+00   1.620383942903533E-01   3.388709231471868E-03   4.190246746377504E-03   9.535962926072904E-06
   0.339682500000000E+09   3  -7.939058512879528E+00   4.723771979896587E+00  -4.670171989652307E-02  -2.971433301696437E-03  -4.934949096290889E-03   8.714688786250970E-05
   0.343335000000000E+09   3   8.626389663386256E+00  -3.694557566236921E+00  -1.266857550620492E-01   2.302747081475806E-03   5.169115893458468E-03  -3.666049879556483E-05
   0.346987500000000E+09   3  -9.598864578700361E+00   2.879133514191975E+00   7.680200326443883E-02  -1.662958895874031E-03  -5.037656788175216E-03  -6.714086861258463E-05
   0.350640000000000E+09   3   8.464528954678039E+00  -4.300572967771179E+00   8.005427735969621E-02   2.132135676277225E-03   5.170933148238545E-03   7.334318980477214E-05
   0.354292500000000E+09   3  -8.802200393159753E+00   2.050837250697263E+00  -1.352261238692567E-01  -1.641842424285696E-03  -5.647025100284458E-03   3.492928567434792E-05
   0.357945000000000E+09   3   9.568813183315685E+00  -2.771664763359625E+00  -6.846363145189476E-03   1.526439178668757E-03   5.101595414175513E-03  -8.147253550175552E-05
   0.361597500000000E+09   3  -9.335223977984567E+00   2.221820939742439E+00   1.391546278813704E-01  -1.223324436030126E-03  -5.409301430423419E-03   1.063468441166329E-05
   0.365250000000000E+09   3   9.175720801348419E+00  -1.686856639702341E+00  -4.449458283558264E-02   8.291168324762714E-04   5.633606583703436E-03   8.519114036066961E-05
