   0.000000000000000E+00   5  -3.017366005485000E+01   1.917641287545000E+00  -1.538859339981000E-01  -2.241622739519000E-04  -3.107271885462999E-03   3.583760257057000E-05
   0.365250000000000E+07   5   1.303993360760849E+01   2.676689122176062E+01  -2.664587107100513E-01  -2.851538351323288E-03   1.398416548659639E-03  -2.730937959756024E-05
   0.730500000000000E+07   5   2.033261776680542E+01  -2.223109489479837E+01   3.250221203823627E-01   2.285614887390831E-03   2.141392060053195E-03  -1.775301282551183E-05
   0.109575000000000E+08   5  -2.774414780151695E+01  -1.224656364862592E+01   6.780524192256153E-02   1.238012889256135E-03  -2.848800019081820E-03   3.609676106092889E-05
   0.146100000000000E+08   5  -1.030468858960180E+00   2.976479723974019E+01  -3.356379615416095E-01  -3.175193948494792E-03  -8.790785551780094E-05  -5.888612537323563E-06
   0.182625000000000E+08   5   2.821210628268478E+01  -1.030307010542275E+01   1.663404918183325E-01   1.043073363611280E-03   2.967526696173082E-03  -3.075897151063127E-05
   0.219150000000000E+08   5  -1.907808796182403E+01  -2.366449336009196E+01   2.300444311255323E-01   2.404305592091122E-03  -1.949364448584802E-03   2.488090498352785E-05
   0.255675000000000E+08   5  -1.493877870284189E+01   2.580033290759615E+01  -2.912552595901226E-01  -2.756146773917245E-03  -1.559419823721470E-03   1.387302604365912E-05
   0.292200000000000E+08   5   2.966884042314943E+01   4.042166773233961E+00  -2.145866024881552E-02  -4.641679200729869E-04   3.124479454464905E-03  -3.266055625791801E-05
   0.328725000000000E+08   5  -6.082572669415913E+00  -2.981982098196843E+01   2.976458039487726E-01   3.034897056827955E-03  -6.146584484758430E-04   7.798760195762499E-06
   0.365250000000000E+08   5  -2.539253558719054E+01   1.578604748119353E+01  -1.652785377747455E-01  -1.701168901559148E-03  -2.658771709109466E-03   2.578592242917294E-05
   0.401775000000000E+08   5   2.423534796651864E+01   1.741034495345731E+01  -1.668107406131376E-01  -1.872428691192498E-03   2.556584480887766E-03  -2.531102696478603E-05
   0.438300000000000E+08   5   8.291201050969441E+00  -2.927940219861933E+01   2.803861125442222E-01   2.974190814029555E-03   8.592133280803456E-04  -8.522080611601935E-06
   0.474825000000000E+08   5  -2.992920438636318E+01   2.020825385739512E+00  -1.120174544087867E-02  -2.512683100792021E-04  -3.132100443415648E-03   2.944181262941090E-05
   0.511350000000000E+08   5   1.308570538568959E+01   2.674226009913095E+01  -2.483580335854110E-01  -2.863479373162139E-03   1.380687017254826E-03  -1.170656785205461E-05
   0.547875000000000E+08   5   2.082784888363535E+01  -2.213006270566377E+01   1.944869235908450E-01   2.243729656336254E-03   2.148214287175962E-03  -2.021616094617195E-05
   0.584400000000000E+08   5  -2.748276003607084E+01  -1.230488579391718E+01   1.235359694356903E-01   1.241816754093413E-03  -2.870796542798654E-03   2.553028824615131E-05
   0.620925000000000E+08   5  -1.161972189763494E+00   2.970184539705775E+01  -2.672009559915244E-01  -3.176499200989306E-03  -1.284538531903877E-04   3.125729691059617E-06
   0.657450000000000E+08   5   2.862862103936781E+01  -9.937626259597026E+00   6.844474453948814E-02   9.882997310131150E-04   2.954601797423834E-03  -2.696616418592696E-05
   0.693975000000000E+08   5  -1.864057960031735E+01  -2.378903243858707E+01   2.243808372620718E-01   2.435338074743865E-03  -1.945081345864232E-03   1.555102588272599E-05
   0.730500000000000E+08   5  -1.516040828735394E+01   2.556802901346670E+01  -2.174900335080393E-01  -2.741312273736117E-03  -1.612465135683677E-03   1.651266989165845E-05
   0.767025000000000E+08   5   2.985717920927814E+01   4.538411953382413E+00  -6.854558408964297E-02  -5.068177500954579E-04   3.089183113596008E-03  -2.764961087981589E-05
   0.803550000000000E+08   5  -5.402478895803746E+00  -2.981616974080215E+01   2.796104541976268E-01   3.053199121758208E-03  -5.735837286394025E-04   1.776032271020321E-06
   0.840075000000000E+08   5  -2.553373002869216E+01   1.529479538708297E+01  -1.066343076025578E-01  -1.647990368386646E-03  -2.707835646067991E-03   2.712988560856393E-05
   0.876600000000000E+08   5   2.413575401940578E+01   1.794067669457248E+01  -2.008389615822611E-01  -1.906564602238198E-03   2.501965110658917E-03  -2.038859018361542E-05
   0.913125000000000E+08   5   9.063712328230782E+00  -2.898283076759272E+01   2.590396777349422E-01   2.964585538061477E-03   9.224008417753101E-04  -1.352138728154396E-05
   0.949650000000000E+08   5  -2.980531032121345E+01   1.369895520827491E+00   4.418548166421567E-02  -1.777323194483784E-04  -3.156666418599293E-03   3.074583750046181E-05
   0.986175000000000E+08   5   1.275161004617125E+01   2.711059375718381E+01  -2.936901237174211E-01  -2.868810012859302E-03   1.317611723467265E-03  -6.173369567634339E-06
   0.102270000000000E+09   5   2.149444990796108E+01  -2.145769075097424E+01   1.527582251068761E-01   2.186165179865361E-03   2.202202680938813E-03  -2.733193316637735E-05
   0.105922500000000E+09   5  -2.700259224842590E+01  -1.293134716644997E+01   2.072331454983231E-01   1.327774783135820E-03  -2.851836920050122E-03   2.415640481598671E-05
   0.109575000000000E+09   5  -1.632868896273738E+00   2.981799996682617E+01  -2.922371069501795E-01  -3.162531758685173E-03  -1.929187178469168E-04   1.234297918799949E-05
   0.113227500000000E+09   5   2.898171323707303E+01  -9.042535178925066E+00  -1.859292008673536E-02   9.079031818216126E-04   2.976567562503748E-03  -3.356425682438754E-05
   0.116880000000000E+09   5  -1.785482082371216E+01  -2.416342888005671E+01   3.224512377030561E-01   2.499958979751212E-03  -1.890458739223209E-03   8.155249194180802E-06
   0.120532500000000E+09   5  -1.559878544113511E+01   2.539392320768771E+01  -1.780019497532330E-01  -2.698138047172267E-03  -1.663511222632942E-03   2.985415564083374E-05
   0.124185000000000E+09   5   2.979736937936895E+01   5.452340911055102E+00  -2.125068942057610E-01  -5.909768503356162E-04   3.062716806343633E-03  -2.725028877894123E-05
   0.127837500000000E+09   5  -4.487935488356047E+00  -2.981536554387165E+01   3.213108550583166E-01   3.084645373871700E-03  -4.904922724960737E-04  -1.313186976198557E-05
   0.131490000000000E+09   5  -2.579930764009906E+01   1.489084112957748E+01   1.935531579626823E-02  -1.589769463027877E-03  -2.743382248215722E-03   3.708344555820250E-05
   0.135142500000000E+09   5   2.376050338951060E+01   1.866156493106054E+01  -3.474311051043308E-01  -1.958528825693051E-03   2.443927763357170E-03  -9.553725774181632E-06
   0.138795000000000E+09   5   9.862507874600080E+00  -2.857700429500601E+01   1.890240880986867E-01   2.950437747816972E-03   9.985644455134364E-04  -3.178447217145027E-05
   0.142447500000000E+09   5  -2.979287599691110E+01   8.446594947055455E-01   2.335694278352635E-01  -1.056772230474885E-04  -3.159891282072579E-03   2.904835769873609E-05
   0.146100000000000E+09   5   1.224583714227185E+01   2.751678101451672E+01  -3.437408823087937E-01  -2.882133590415417E-03   1.248838262728466E-03   1.382829098743993E-05
   0.149752500000000E+09   5   2.201910367363670E+01  -2.078585735782388E+01  -2.945865497582710E-02   2.143454031393283E-03   2.261466337256861E-03  -3.856545681587481E-05
   0.153405000000000E+09   5  -2.669862959420279E+01  -1.340329679848874E+01   3.654449801063865E-01   1.395297903923831E-03  -2.830042992806335E-03   8.467754296410237E-06
   0.157057500000000E+09   5  -2.100410552412956E+00   2.995417720978393E+01  -1.945978764429554E-01  -3.141011927164608E-03  -2.423295245917677E-04   3.376990355132934E-05
   0.160710000000000E+09   5   2.912158275181180E+01  -8.316569570980160E+00  -2.516844381581447E-01   8.519641212821967E-04   2.996394595657461E-03  -2.906183667741529E-05
   0.164362500000000E+09   5  -1.730696092994795E+01  -2.444493572815764E+01   3.400675534005655E-01   2.551601836464436E-03  -1.834780538190951E-03  -1.657458718508883E-05
   0.168015000000000E+09   5  -1.590886768881695E+01   2.539329249049779E+01   3.782151766844268E-02  -2.665675646102149E-03  -1.688228921739569E-03   3.956139725686722E-05
   0.171667500000000E+09   5   2.963688683603098E+01   6.051899302381651E+00  -3.758520313328444E-01  -6.375382751304424E-04   3.059839097167485E-03  -7.637993616135799E-06
   0.175320000000000E+09   5  -3.873459807106965E+00  -2.980831018935934E+01   1.709080060115939E-01   3.103881103816908E-03  -4.260019231685930E-04  -3.514967860434176E-05
   0.178972500000000E+09   5  -2.596187088260898E+01   1.487075536957633E+01   2.590898620826279E-01  -1.566558899432773E-03  -2.739124486056357E-03   2.830487508476758E-05
   0.182625000000000E+09   5   2.345070539935397E+01   1.899413329423961E+01  -3.384905379154596E-01  -1.984972417759352E-03   2.422256123194424E-03   1.680757509055916E-05
   0.186277500000000E+09   5   1.040670985949579E+01  -2.829126578494738E+01  -6.254056190682454E-02   2.936787770534408E-03   1.067298023722273E-03  -3.837834842011522E-05
   0.189930000000000E+09   5  -2.991686740146806E+01   8.959794899096454E-01   3.658033479905003E-01  -1.027907691764458E-04  -3.152376889378654E-03   6.094220482834990E-06
   0.193582500000000E+09   5   1.198150173530512E+01   2.759366536615794E+01  -1.678425091233169E-01  -2.893575170222460E-03   1.235641553424561E-03   3.423084789400517E-05
   0.197235000000000E+09   5   2.233986562484676E+01  -2.034826358425955E+01  -2.652012332533065E-01   2.103570060913898E-03   2.302435674567158E-03  -2.571673509279762E-05
   0.200887500000000E+09   5  -2.686262526632621E+01  -1.328299283014484E+01   3.123248852864250E-01   1.376870389228289E-03  -2.826332248911109E-03  -1.755425562209670E-05
   0.204540000000000E+09   5  -2.192212668286214E+00   2.989222001122360E+01   5.413304721240082E-02  -3.145529673996977E-03  -2.487658723416785E-04   3.653175735697379E-05
   0.208192500000000E+09   5   2.921855365743675E+01  -7.868872310322327E+00  -3.500069506848825E-01   8.013676082764996E-04   3.014392783582442E-03  -4.623391310548248E-06
   0.211845000000000E+09   5  -1.759731559868716E+01  -2.436336647921030E+01   1.445861247132738E-01   2.526831937591004E-03  -1.856987099274199E-03  -3.252019314134139E-05
   0.215497500000000E+09   5  -1.576339516611298E+01   2.537081157610719E+01   2.381058119591467E-01  -2.684514508183627E-03  -1.679188979947385E-03   2.455972939648104E-05
   0.219150000000000E+09   5   2.958634515634695E+01   6.343994825010958E+00  -2.928136375572574E-01  -6.727320130959630E-04   3.046571238239554E-03   1.599630831859902E-05
   0.222802500000000E+09   5  -4.288021132110544E+00  -2.984912958308910E+01  -5.485453469223933E-02   3.085094236962250E-03  -4.702846077972303E-04  -3.337011109171372E-05
   0.226455000000000E+09   5  -2.571169461197496E+01   1.501984679270679E+01   3.124297574329246E-01  -1.599307334729303E-03  -2.740491654744456E-03   5.722467503183933E-06
   0.230107500000000E+09   5   2.342773320368991E+01   1.911233896907064E+01  -1.460886682161118E-01  -2.001789135075659E-03   2.405287401856726E-03   2.889933358058662E-05
   0.233760000000000E+09   5   9.968029616326801E+00  -2.858084325160157E+01  -2.136614060401220E-01   2.947559274974316E-03   9.993859386666134E-04  -2.269230341005658E-05
   0.237412500000000E+09   5  -2.969550823294208E+01   1.330499126709996E+00   2.665339678299128E-01  -1.541218060555888E-04  -3.170504736911814E-03  -1.278160031000835E-05
   0.241065000000000E+09   5   1.214698890421890E+01   2.760189313651644E+01   2.212323447539822E-02  -2.884841664891821E-03   1.229195184362723E-03   3.022271926418368E-05
   0.244717500000000E+09   5   2.200817739661725E+01  -2.094015668350301E+01  -2.820937919951804E-01   2.151705280779681E-03   2.233220268567840E-03  -7.209367797610778E-06
   0.248370000000000E+09   5  -2.686225360626423E+01  -1.267804881888214E+01   1.506984150219408E-01   1.336097654349228E-03  -2.879355897554691E-03  -2.488080684846916E-05
   0.252022500000000E+09   5  -1.777324051898354E+00   3.002277055126817E+01   1.629854335200991E-01  -3.140256464288146E-03  -2.253764316061325E-04   2.268157066073450E-05
   0.255675000000000E+09   5   2.918732269517261E+01  -8.722897629314806E+00  -2.596925182919266E-01   9.010873202492789E-04   2.962578754071541E-03   7.838227419983909E-06
   0.259327500000000E+09   5  -1.794769699727125E+01  -2.369659583419986E+01   1.385890618798164E-02   2.505130792362443E-03  -1.936963189488830E-03  -2.804177875021993E-05
   0.262980000000000E+09   5  -1.519403240165669E+01   2.582331355980562E+01   2.407465803716135E-01  -2.699087321994775E-03  -1.634858395603929E-03   1.120851455642619E-05
   0.266632500000000E+09   5   3.004198786714439E+01   5.397172064198446E+00  -1.841326594343184E-01  -5.424817367915265E-04   3.046340527807709E-03   1.939827354503629E-05
   0.270285000000000E+09   5  -4.960767530976165E+00  -2.936667567280524E+01  -1.165776702102500E-01   3.112426146295960E-03  -5.622576454305566E-04  -2.447300865317575E-05
   0.273937500000000E+09   5  -2.525881967610215E+01   1.593906883677677E+01   2.548699934443026E-01  -1.660373409053680E-03  -2.695352822344501E-03  -2.441320544294382E-06
   0.277590000000000E+09   5   2.443482564087623E+01   1.831696752689876E+01  -7.531603377672705E-02  -1.857274091329681E-03   2.474905407206764E-03   2.565129362059049E-05
   0.281242500000000E+09   5   9.092983258059267E+00  -2.844272692764170E+01  -2.153200356169103E-01   3.013378816974146E-03   9.219037095678853E-04  -1.621083450040699E-05
   0.284895000000000E+09   5  -2.966736566211187E+01   2.602937387866383E+00   2.206698122624428E-01  -2.464004691855740E-04  -3.160117221269214E-03  -1.577253550403386E-05
   0.288547500000000E+09   5   1.359534162885034E+01   2.732219064320634E+01   5.917368161760109E-02  -2.780591741569043E-03   1.371930892690865E-03   2.695957429517345E-05
   0.292200000000000E+09   5   2.114126575047408E+01  -2.123258526923856E+01  -2.706261980629191E-01   2.256250757271300E-03   2.191684016359996E-03  -3.406423469270875E-06
   0.295852500000000E+09   5  -2.748755632844148E+01  -1.131642926601190E+01   1.302142593470720E-01   1.225959477676757E-03  -2.926926564200200E-03  -2.631754159518860E-05
   0.299505000000000E+09   5  -1.432014351077756E-01   3.045711062430789E+01   1.933250800445835E-01  -3.104406855654424E-03  -2.986859085274846E-05   2.251037051196994E-05
   0.303157500000000E+09   5   2.856699008684853E+01  -9.331422068879354E+00  -2.702718498745591E-01   1.005775935367279E-03   2.969696467368155E-03   1.239440087169126E-05
   0.306810000000000E+09   5  -1.919116380247326E+01  -2.268496532038624E+01  -1.838483377112945E-02   2.430492308340931E-03  -2.038461107758116E-03  -3.185654047691143E-05
   0.310462500000000E+09   5  -1.382925162458330E+01   2.703629919922741E+01   2.963263366669181E-01  -2.766707985029681E-03  -1.435899990407610E-03   9.727727904243513E-06
   0.314115000000000E+09   5   2.979581988042316E+01   4.577532353819627E+00  -1.843014170448783E-01  -4.470706974584646E-04   3.098862523527401E-03   2.701377297996196E-05
   0.317767500000000E+09   5  -6.593793397231077E+00  -2.898737736539892E+01  -1.889878811971229E-01   3.089125306735700E-03  -6.999017118407225E-04  -2.832707622430747E-05
   0.321420000000000E+09   5  -2.452495226783267E+01   1.772797466639780E+01   3.290667655983963E-01  -1.814677341768083E-03  -2.541767281867854E-03  -9.309880616529018E-06
   0.325072500000000E+09   5   2.455405641431659E+01   1.757968072105761E+01  -9.453766455934431E-03  -1.806598634737173E-03   2.552531415074151E-03   3.573318454231205E-05
   0.328725000000000E+09   5   7.525054893391612E+00  -2.883044611926216E+01  -3.261431886160068E-01   3.059739562049075E-03   7.967268706502230E-04  -1.315640730801492E-05
   0.332377500000000E+09   5  -2.980272217507166E+01   4.568284887644245E+00   2.435543772776723E-01  -4.610309630899973E-04  -3.101327973582542E-03  -2.834761318177370E-05
   0.336030000000000E+09   5   1.403896032530184E+01   2.677237249220337E+01   1.977279956761831E-01  -2.764215623454115E-03   1.460886701811400E-03   3.319203932165406E-05
   0.339682500000000E+09   5   1.997411317295782E+01  -2.221766538887979E+01  -3.676398274393364E-01   2.347609967320510E-03   2.101172049980955E-03   9.683350502567984E-06
   0.343335000000000E+09   5  -2.845653022130988E+01  -9.650774600379153E+00   4.358782461547214E-02   1.017041529153094E-03  -2.970326256668335E-03  -4.028345495004601E-05
   0.346987500000000E+09   5   4.170773604148724E-01   3.021367031765283E+01   3.613482269921405E-01  -3.130807978726671E-03   4.189040092622837E-05   1.646306403059980E-05
   0.350640000000000E+09   5   2.805928600815773E+01  -1.059917322721857E+01  -2.640303939757856E-01   1.118191329423675E-03   2.938854982266903E-03   3.146830639216339E-05
   0.354292500000000E+09   5  -2.073006010358468E+01  -2.164697098623521E+01  -1.951276150563439E-01   2.272722012061610E-03  -2.176179941127572E-03  -3.750900236060574E-05
   0.357945000000000E+09   5  -1.326659317867500E+01   2.709354541860078E+01   4.069503538334603E-01  -2.812734185821446E-03  -1.383705617973504E-03  -8.775604288228773E-06
   0.361597500000000E+09   5   2.991236959794674E+01   3.376902991721923E+00  -3.805215856648408E-02  -3.476565096714857E-04   3.113187663299424E-03   4.314507526244318E-05
   0.365250000000000E+09   5  -8.262403253238917E+00  -2.875963863821677E+01  -3.780218583126533E-01   3.023421462843639E-03  -8.747926160649721E-04  -1.853572420251657E-05
