   0.000000000000000E+00   4   1.116769742622999E+01   1.604343604329000E+01   3.617849409932999E-01  -3.265538550416999E-03   2.070723353855000E-03  -2.176677219660999E-05
   0.365250000000000E+07   4   8.788738893108022E+00   1.751670431379680E+01   3.123119342869182E-01  -3.508717266328517E-03   1.590388162480418E-03  -4.144820675290138E-05
   0.730500000000000E+07   4   6.934188934331126E+00   1.832201097884222E+01   2.505206185388139E-01  -3.654248813074969E-03   1.235673798246809E-03  -5.224995618085022E-05
   0.109575000000000E+08   4   5.172891668188556E+00   1.896525670667637E+01   1.978405915529836E-01  -3.738878217974757E-03   8.717955004170969E-04  -5.987011447394679E-05
   0.146100000000000E+08   4   2.309089004042344E+00   1.963590379676578E+01   1.176765388801391E-01  -3.805878641822416E-03   3.329996022267314E-04  -6.970041631181288E-05
   0.182625000000000E+08   4   1.564113620474962E-01   1.969201051637015E+01   2.229617195642947E-02  -3.830901217065703E-03  -6.366359641190183E-05  -7.584925425273320E-05
   0.219150000000000E+08   4  -1.751846348280369E+00   1.964235353330642E+01  -8.088532895240040E-02  -3.804250141652803E-03  -4.331139396696465E-04  -7.371166065296339E-05
   0.255675000000000E+08   4  -4.466554004053658E+00   1.924134360533968E+01  -1.802276234049350E-01  -3.700458868655533E-03  -9.392484259202712E-04  -6.370557629111528E-05
   0.292200000000000E+08   4  -6.351687752554314E+00   1.868208232125590E+01  -2.368870290283435E-01  -3.599824823621804E-03  -1.293005451688737E-03  -5.356844846362646E-05
   0.328725000000000E+08   4  -8.300098924212056E+00   1.795469851306197E+01  -2.928129397334548E-01  -3.432830146446521E-03  -1.654378983512022E-03  -4.357328724780015E-05
   0.365250000000000E+08   4  -1.082917809123816E+01   1.657338156685666E+01  -3.582188109214587E-01  -3.174279795777080E-03  -2.107816044410532E-03  -2.752864804962867E-05
   0.401775000000000E+08   4  -1.232235573756852E+01   1.533861734574765E+01  -3.886460361274519E-01  -2.972137007664856E-03  -2.416991013322409E-03  -8.779918113673622E-06
   0.438300000000000E+08   4  -1.382481096729931E+01   1.406077433850069E+01  -3.783280303356057E-01  -2.710264445869671E-03  -2.697615897366820E-03   1.113357394796427E-05
   0.474825000000000E+08   4  -1.557791258050838E+01   1.208997605497539E+01  -3.365349717874400E-01  -2.338042901336116E-03  -3.021436902185465E-03   2.825125690545466E-05
   0.511350000000000E+08   4  -1.665987055022099E+01   1.047728812676839E+01  -2.967293964056612E-01  -2.044086491771585E-03  -3.239630129247171E-03   3.970688394073115E-05
   0.547875000000000E+08   4  -1.771554510117371E+01   8.567673623465211E+00  -2.509631062658435E-01  -1.678994279760141E-03  -3.438828675123273E-03   5.274381694674671E-05
   0.584400000000000E+08   4  -1.861268407637748E+01   6.164610254847913E+00  -1.670202576980618E-01  -1.241613666319382E-03  -3.637043790946931E-03   6.630954776484850E-05
   0.620925000000000E+08   4  -1.901022444047420E+01   4.436304901692224E+00  -6.983662277725142E-02  -8.997274612613636E-04  -3.751900117876717E-03   7.239586952827230E-05
   0.657450000000000E+08   4  -1.943618690773091E+01   2.390379965567749E+00   2.604051388677962E-02  -4.994458296577363E-04  -3.814242315343307E-03   7.022342626080204E-05
   0.693975000000000E+08   4  -1.950925668904155E+01  -5.948583442950571E-02   1.058101149189824E-01  -3.426339937085725E-05  -3.858714399855254E-03   6.479861288250938E-05
   0.730500000000000E+08   4  -1.935359480418029E+01  -1.961620678509446E+00   1.692633999896899E-01   3.446348115636958E-04  -3.856310925683576E-03   5.985337503279421E-05
   0.767025000000000E+08   4  -1.899004339941139E+01  -4.050956118794614E+00   2.470430130235605E-01   7.580688314235168E-04  -3.802380716428707E-03   5.167687407925718E-05
   0.803550000000000E+08   4  -1.831825776197208E+01  -6.116544607660652E+00   3.121981548038761E-01   1.182674535981145E-03  -3.714982437334583E-03   3.630318527912660E-05
   0.840075000000000E+08   4  -1.767115377366724E+01  -7.764261775763109E+00   3.383825064932994E-01   1.535153405954015E-03  -3.585089080436958E-03   1.763084173581359E-05
   0.876600000000000E+08   4  -1.671731724573446E+01  -9.710973323202678E+00   3.331481825576165E-01   1.909020291152550E-03  -3.393236895734723E-03   8.096733949197031E-08
   0.913125000000000E+08   4  -1.539758186788462E+01  -1.145613446615612E+01   3.158407285529459E-01   2.294467417198649E-03  -3.179599226916573E-03  -1.429215480865497E-05
   0.949650000000000E+08   4  -1.422175434344685E+01  -1.284160469832450E+01   3.005807076633579E-01   2.601319458903504E-03  -2.942574133751196E-03  -2.886938155872778E-05
   0.986175000000000E+08   4  -1.277539314041930E+01  -1.425080628540011E+01   2.589570303603454E-01   2.899460544088710E-03  -2.656832477038347E-03  -4.596255993141909E-05
   0.102270000000000E+09   4  -1.122677179465110E+01  -1.540147225433072E+01   1.831258576532309E-01   3.170401602571787E-03  -2.351975492108922E-03  -5.989754562632679E-05
   0.105922500000000E+09   4  -9.672255097852664E+00  -1.647491261488621E+01   9.600659122419014E-02   3.387951619320765E-03  -2.009011249890801E-03  -6.541294683100561E-05
   0.109575000000000E+09   4  -7.812151768927062E+00  -1.740009577208988E+01   1.952610097577142E-02   3.585199177404786E-03  -1.645021807258623E-03  -6.603114617517471E-05
   0.113227500000000E+09   4  -5.977318455613454E+00  -1.796750782288804E+01  -4.685703719723499E-02   3.766780589401570E-03  -1.267330866342464E-03  -6.669589035536287E-05
   0.116880000000000E+09   4  -4.239066227901635E+00  -1.850942758100894E+01  -1.250468264537504E-01   3.864003496137382E-03  -8.756573430530653E-04  -6.519990061773017E-05
   0.120532500000000E+09   4  -2.343303428489838E+00  -1.883980232175529E+01  -2.122459126523487E-01   3.935084960749591E-03  -4.804161182749361E-04  -5.688412820087622E-05
   0.124185000000000E+09   4  -4.788147877614606E-01  -1.893632716564332E+01  -2.750332273908075E-01   3.970581022513789E-03  -7.559633871239388E-05  -4.153269733243756E-05
   0.127837500000000E+09   4   1.559994327835069E+00  -1.893459513006677E+01  -3.053880514496763E-01   3.946578482260457E-03   3.578939493912943E-04  -2.461279479273204E-05
   0.131490000000000E+09   4   3.346191530215244E+00  -1.863746328680464E+01  -3.175896765889256E-01   3.905778535919467E-03   7.337763198223188E-04  -1.104807577048702E-05
   0.135142500000000E+09   4   5.154347053110559E+00  -1.818779301939408E+01  -3.317132494491931E-01   3.813919357412631E-03   1.147506093036351E-03   4.076161780444843E-06
   0.138795000000000E+09   4   7.104209415843992E+00  -1.764406041322398E+01  -3.335105771878273E-01   3.642543554201262E-03   1.545585372550667E-03   2.336459582141651E-05
   0.142447500000000E+09   4   8.754649220353050E+00  -1.688307694235353E+01  -2.952382296202642E-01   3.482492094449847E-03   1.887185223499658E-03   4.161726364010196E-05
   0.146100000000000E+09   4   1.042028397328270E+01  -1.591328815141105E+01  -2.277810716052353E-01   3.261227241250320E-03   2.242964703162282E-03   5.494983404525080E-05
   0.149752500000000E+09   4   1.218035766058048E+01  -1.468069761162080E+01  -1.560461762025286E-01   2.980460126668214E-03   2.593911731317754E-03   6.214660068003720E-05
   0.153405000000000E+09   4   1.334899374860166E+01  -1.359922983546003E+01  -1.003884308353862E-01   2.744688493178618E-03   2.843564300190645E-03   6.733214150545942E-05
   0.157057500000000E+09   4   1.479621809984842E+01  -1.215754580303767E+01  -2.381474841334702E-02   2.396162654819285E-03   3.122616654549422E-03   7.252552367632442E-05
   0.160710000000000E+09   4   1.622016532647115E+01  -1.036332117258992E+01   8.059168561491470E-02   2.004260196595192E-03   3.362010481964280E-03   7.205446796336085E-05
   0.164362500000000E+09   4   1.706093380288823E+01  -8.870957588363144E+00   1.691944785902905E-01   1.698390676356783E-03   3.535345284538964E-03   6.416746768057954E-05
   0.168015000000000E+09   4   1.796632552210025E+01  -7.027324241068159E+00   2.359892158539759E-01   1.290378977174673E-03   3.686944211213229E-03   5.054152944385730E-05
   0.171667500000000E+09   4   1.873457255027214E+01  -4.862299748890403E+00   2.821439415743750E-01   8.449975554141465E-04   3.805202132632606E-03   3.751977844423546E-05
   0.175320000000000E+09   4   1.911088721370842E+01  -3.316846623788166E+00   3.229945614206937E-01   5.162393214364698E-04   3.851892630693237E-03   2.634986341012148E-05
   0.178972500000000E+09   4   1.951743185182477E+01  -1.011936220688768E+00   3.671051535595822E-01   4.742285483395443E-05   3.860610703770957E-03   8.206834499207836E-06
   0.182625000000000E+09   4   1.951705940538847E+01   1.434753596035091E+00   3.705258709913708E-01  -4.154364474564463E-04   3.830355916346690E-03  -1.372308464477881E-05
   0.186277500000000E+09   4   1.932842265396279E+01   3.049221413569073E+00   3.342718084676157E-01  -7.408444506806833E-04   3.785715298951112E-03  -3.021477763736847E-05
   0.189930000000000E+09   4   1.895261233527727E+01   5.338345732677448E+00   2.805395846143231E-01  -1.183205161782877E-03   3.642397431214930E-03  -4.283991471851118E-05
   0.193582500000000E+09   4   1.821381074702543E+01   7.664007733049245E+00   2.267218013486151E-01  -1.606523690486372E-03   3.466376081058569E-03  -5.311009421773147E-05
   0.197235000000000E+09   4   1.751588804255850E+01   9.259805370717933E+00   1.703136973010805E-01  -1.899310537279940E-03   3.298512813509644E-03  -6.288009511597047E-05
   0.200887500000000E+09   4   1.623812907440908E+01   1.156260914324785E+01   6.743365020898535E-02  -2.298323011359391E-03   3.009563132611801E-03  -7.077369362242409E-05
   0.204540000000000E+09   4   1.469364877739549E+01   1.343281384514846E+01  -4.531458309008755E-02  -2.638113358604707E-03   2.719733249573858E-03  -6.983743164457604E-05
   0.208192500000000E+09   4   1.356976550614331E+01   1.462668803175433E+01  -1.244147321948411E-01  -2.853841339833919E-03   2.485647780189867E-03  -6.259248839533440E-05
   0.211845000000000E+09   4   1.154711458993748E+01   1.643929958134153E+01  -1.988565423869312E-01  -3.135946096313448E-03   2.064047461866655E-03  -5.265257927125341E-05
   0.215497500000000E+09   4   9.392867110881966E+00   1.779387941437071E+01  -2.661433668907205E-01  -3.358987099032327E-03   1.673719729093246E-03  -4.326789601792534E-05
   0.219150000000000E+09   4   7.741519079448276E+00   1.859267557245209E+01  -3.277238227226153E-01  -3.487805874741469E-03   1.362984166323722E-03  -3.104852837265619E-05
   0.222802500000000E+09   4   5.063211151295641E+00   1.956640714063271E+01  -3.706411237291287E-01  -3.631711627769374E-03   8.720370035333771E-04  -9.923769866472763E-06
   0.226455000000000E+09   4   2.744806497469273E+00   1.998640593824372E+01  -3.614538954452320E-01  -3.712100880741392E-03   4.522499669398732E-04   9.979173733002289E-06
   0.230107500000000E+09   4   1.006467493781891E+00   2.023614878794976E+01  -3.278617077116322E-01  -3.723234496666759E-03   1.349094281918172E-04   2.345643446935417E-05
   0.233760000000000E+09   4  -2.145194515287509E+00   2.022537633286747E+01  -2.829025307003086E-01  -3.682292189070133E-03  -4.214817572412876E-04   3.770361178164328E-05
   0.237412500000000E+09   4  -4.620397770593192E+00   1.977461144809504E+01  -2.304357034392517E-01  -3.618080278613408E-03  -8.522329736323300E-04   5.140564789426940E-05
   0.241065000000000E+09   4  -6.367046960926841E+00   1.927953821869836E+01  -1.563160446101560E-01  -3.526337788918543E-03  -1.164357031499326E-03   6.269178755004819E-05
   0.244717500000000E+09   4  -9.193654844611894E+00   1.814167573580775E+01  -3.371803959397635E-02  -3.316661441897915E-03  -1.660207440499243E-03   6.859427815284138E-05
   0.248370000000000E+09   4  -1.116643161947650E+01   1.696021242157874E+01   6.840905964510341E-02  -3.113686554328197E-03  -2.021934913905986E-03   6.562668814983246E-05
   0.252022500000000E+09   4  -1.278377144868460E+01   1.587475691119455E+01   1.396115056945736E-01  -2.909479789062005E-03  -2.285991158150546E-03   5.962297103433865E-05
   0.255675000000000E+09   4  -1.521215593686386E+01   1.352814831995578E+01   2.276862976466092E-01  -2.509784112032138E-03  -2.719344208139707E-03   5.189355849490239E-05
   0.259327500000000E+09   4  -1.658985231578569E+01   1.165500888155847E+01   3.055690938881765E-01  -2.204239268740688E-03  -2.995913381869588E-03   4.180400489517123E-05
   0.262980000000000E+09   4  -1.757176904421718E+01   1.011673541518699E+01   3.637143075171184E-01  -1.929425668088834E-03  -3.175592336644626E-03   2.638689231854683E-05
   0.266632500000000E+09   4  -1.895741425924488E+01   7.208491068536333E+00   3.823991107645809E-01  -1.422482953949871E-03  -3.431672291460309E-03   3.031956669629985E-06
   0.270285000000000E+09   4  -1.959372098434292E+01   5.025787849973220E+00   3.587055908170906E-01  -1.037032812785445E-03  -3.576316862276153E-03  -1.429008871389388E-05
   0.273937500000000E+09   4  -2.002464044506119E+01   3.008802819180700E+00   3.319016588718240E-01  -6.940898500015077E-04  -3.655418599863768E-03  -2.722737131471788E-05
   0.277590000000000E+09   4  -2.014290232795602E+01  -3.305339718940904E-01   2.843846307612073E-01  -1.002976856871862E-04  -3.736189595111992E-03  -4.520643423225613E-05
   0.281242500000000E+09   4  -1.991658261458979E+01  -2.415469037287274E+00   2.166833057904728E-01   2.901787461104079E-04  -3.743461974841806E-03  -6.064861763564980E-05
   0.284895000000000E+09   4  -1.961365474045117E+01  -4.271077002765853E+00   1.209142743520550E-01   6.301440107943596E-04  -3.697629182206477E-03  -7.034893365470883E-05
   0.288547500000000E+09   4  -1.860258648656182E+01  -7.461528418706604E+00  -7.177450457625204E-03   1.214658933025689E-03  -3.553994329654172E-03  -7.283517549474358E-05
   0.292200000000000E+09   4  -1.760770773412574E+01  -9.349077126540877E+00  -9.068936544278801E-02   1.592533841098435E-03  -3.424516558177005E-03  -6.982648582866750E-05
   0.295852500000000E+09   4  -1.651706619395337E+01  -1.108910520333550E+01  -1.650098578574244E-01   1.923486414161438E-03  -3.258949134906275E-03  -6.675052235772767E-05
   0.299505000000000E+09   4  -1.444425688449281E+01  -1.351010417987075E+01  -2.681362815739583E-01   2.429856736842062E-03  -2.930167244529329E-03  -5.858339486286223E-05
   0.303157500000000E+09   4  -1.303888031674509E+01  -1.478533351778604E+01  -3.410900468928948E-01   2.711856436760324E-03  -2.688148702258792E-03  -4.524330309348948E-05
   0.306810000000000E+09   4  -1.148091002248076E+01  -1.601150935120417E+01  -3.805992691031134E-01   2.961469132431417E-03  -2.413762195136200E-03  -2.667200027582911E-05
   0.310462500000000E+09   4  -8.592817422635964E+00  -1.763643843379358E+01  -3.820450016737727E-01   3.326853858344920E-03  -1.908611830600335E-03  -3.791090400700119E-06
   0.314115000000000E+09   4  -6.805363755084648E+00  -1.824734774164835E+01  -3.654339081843114E-01   3.526625827441423E-03  -1.583787345024406E-03   1.084075465384858E-05
   0.317767500000000E+09   4  -4.918456968402462E+00  -1.878235263440909E+01  -3.498086861906264E-01   3.674128268103446E-03  -1.232682947722755E-03   2.643482256454537E-05
   0.321420000000000E+09   4  -1.972188596262990E+00  -1.922097421844540E+01  -2.939801801821803E-01   3.840031671855716E-03  -6.568901489110907E-04   4.814412510840200E-05
   0.325072500000000E+09   4  -1.709383951421259E-01  -1.928159653213971E+01  -2.160708853580710E-01   3.890927171768910E-03  -2.906779796087523E-04   6.301725202087557E-05
   0.328725000000000E+09   4   1.809082948433045E+00  -1.912547048830184E+01  -1.191879646527740E-01   3.916487125138059E-03   9.935201716007861E-05   7.052076003023716E-05
   0.332377500000000E+09   4   4.845083930823467E+00  -1.846115498053719E+01  -1.371534391043451E-02   3.872364424857878E-03   7.303872682057881E-04   7.316485543724813E-05
   0.336030000000000E+09   4   6.368434436646897E+00  -1.788368716103151E+01   5.169797732126936E-02   3.813564313674329E-03   1.087522695755815E-03   7.387268220284490E-05
   0.339682500000000E+09   4   8.068045561203609E+00  -1.712469790909665E+01   1.330112056644270E-01   3.695906262986171E-03   1.456008883272892E-03   7.306573490578876E-05
   0.343335000000000E+09   4   1.046324474772768E+01  -1.568429236019426E+01   2.351515157042411E-01   3.453407332304283E-03   2.001587279842679E-03   6.331201843374552E-05
   0.346987500000000E+09   4   1.183031245977664E+01  -1.463511748875623E+01   2.939506943412764E-01   3.256438264211389E-03   2.317534237353241E-03   4.767493723781162E-05
   0.350640000000000E+09   4   1.315061100949729E+01  -1.328126539815931E+01   3.149013766535332E-01   3.031525304428465E-03   2.650134415304307E-03   3.071754834085633E-05
   0.354292500000000E+09   4   1.486827215021104E+01  -1.114206893431099E+01   3.220270518803364E-01   2.610327837201092E-03   3.092005483817919E-03   1.248790783857883E-05
   0.357945000000000E+09   4   1.572281670175794E+01  -9.885367837405946E+00   3.278211326835873E-01   2.331156342168892E-03   3.315721994061140E-03  -1.645577986500294E-06
   0.361597500000000E+09   4   1.658732327765731E+01  -8.233953279262902E+00   3.181107637592448E-01   1.993399556702203E-03   3.537506839725963E-03  -2.048367497329198E-05
   0.365250000000000E+09   4   1.750271310655948E+01  -5.826361831447803E+00   2.609444659055419E-01   1.476192924716662E-03   3.804454073933430E-03  -4.239296711126846E-05
